RET
0.581679189506448
MTX
[[569.1705664    0.         292.45419115]
 [  0.         567.94248614 245.06648473]
 [  0.           0.           1.        ]]
DIST
[[-0.07375324  1.169175    0.01880284  0.02496649 -3.83827473]]
RVECS
(array([[ 0.2045288 ],
       [-0.27639932],
       [ 0.13147685]]), array([[ 0.20181381],
       [-0.26414061],
       [ 0.15370921]]), array([[ 0.21443097],
       [-0.25285677],
       [ 0.15592321]]), array([[ 0.20609134],
       [-0.26507339],
       [ 0.16325043]]))
TVECS
(array([[-0.44676794],
       [-3.21076915],
       [13.35028227]]), array([[-0.23795029],
       [-3.28067111],
       [13.48268376]]), array([[-0.22793851],
       [-3.23177688],
       [13.55122705]]), array([[-0.13072872],
       [-3.3278426 ],
       [13.6475512 ]]))